Time, T1, T2, T3, T4, T5, T6, T7, T8, T9, T10, T11, T12, T13, T14

0.111, 0.000, 0.000, 0.000, 0.000, 0.000, 0.000, 0.000, 0.000, 0.000, 0.000, 0.000, 0.000, 0.000, 0.000
0.161, 0.000, 0.000, 0.000, 0.000, 0.000, 0.000, 0.000, 0.000, 0.000, 0.000, 0.000, 0.000, 0.000, 0.000
0.212, 0.000, 0.000, 0.000, 0.000, 0.000, 0.000, 0.000, 0.000, 0.000, 0.000, 0.000, 0.000, 0.000, 0.000
0.212, 0.000, 0.000, 0.000, 0.000, 0.000, 0.000, 0.000, 0.000, 0.000, 0.000, 0.000, 0.000, 0.000, 0.000
0.263, 0.000, 0.000, 0.000, 0.000, 0.000, 0.000, 0.000, 0.000, 0.000, 0.000, 0.000, 0.000, 0.000, 0.000
0.314, 0.000, 0.000, 0.000, 0.000, 0.000, 0.000, 0.000, 0.000, 0.000, 0.000, 0.000, 0.000, 0.000, 0.000
0.314, 0.000, 0.000, 0.000, 0.000, 0.000, 0.000, 0.000, 0.000, 0.000, 0.000, 0.000, 0.000, 0.000, 0.000
0.364, 0.000, 0.000, 0.000, 0.000, 0.000, 0.000, 0.000, 0.000, 0.000, 0.000, 0.000, 0.000, 0.000, 0.000
0.415, 0.000, 0.000, 0.000, 0.000, 0.000, 0.000, 0.000, 0.000, 0.000, 0.000, 0.000, 0.000, 0.000, 0.000
0.415, 0.000, 0.000, 0.000, 0.000, 0.000, 0.000, 0.000, 0.000, 0.000, 0.000, 0.000, 0.000, 0.000, 0.000
0.465, 0.000, 0.000, 0.000, 0.000, 0.000, 0.000, 0.000, 0.000, 0.000, 0.000, 0.000, 0.000, 0.000, 0.000
0.516, 0.000, 0.000, 0.000, 0.000, 0.000, 0.000, 0.000, 0.000, 0.000, 0.000, 0.000, 0.000, 0.000, 0.000
0.516, 0.000, 0.000, 0.000, 0.000, 0.000, 0.000, 0.000, 0.000, 0.000, 0.000, 0.000, 0.000, 0.000, 0.000
0.567, 0.000, 0.000, 0.000, 0.000, 0.000, 0.000, 0.000, 0.000, 0.000, 0.000, 0.000, 0.000, 0.000, 0.000
0.618, 0.000, 0.000, 0.000, 0.000, 0.000, 0.000, 0.000, 0.000, 0.000, 0.000, 0.000, 0.000, 0.000, 0.000
0.618, 0.000, 0.000, 0.000, 0.000, 0.000, 0.000, 0.000, 0.000, 0.000, 0.000, 0.000, 0.000, 0.000, 0.000
0.669, 0.000, 0.000, 0.000, 0.000, 0.000, 0.000, 0.000, 0.000, 0.000, 0.000, 0.000, 0.000, 0.000, 0.000
0.719, 0.000, 0.000, 0.000, 0.000, 0.000, 0.000, 0.000, 0.000, 0.000, 0.000, 0.000, 0.000, 0.000, 0.000
0.719, 0.000, 0.000, 0.000, 0.000, 0.000, 0.000, 0.000, 0.000, 0.000, 0.000, 0.000, 0.000, 0.000, 0.000
0.769, 0.000, 0.000, 0.000, 0.000, 0.000, 0.000, 0.000, 0.000, 0.000, 0.000, 0.000, 0.000, 0.000, 0.000
0.819, 0.000, 0.000, 0.000, 0.000, 0.000, 0.000, 0.000, 0.000, 0.000, 0.000, 0.000, 0.000, 0.000, 0.000
0.819, 0.000, 0.000, 0.000, 0.000, 0.000, 0.000, 0.000, 0.000, 0.000, 0.000, 0.000, 0.000, 0.000, 0.000
0.869, 0.000, 0.000, 0.000, 0.000, 0.000, 0.000, 0.000, 0.000, 0.000, 0.000, 0.000, 0.000, 0.000, 0.000
0.920, 0.000, 0.000, 0.000, 0.000, 0.000, 0.000, 0.000, 0.000, 0.000, 0.000, 0.000, 0.000, 0.000, 0.000
0.920, 0.000, 0.000, 0.000, 0.000, 0.000, 0.000, 0.000, 0.000, 0.000, 0.000, 0.000, 0.000, 0.000, 0.000
0.970, 0.000, 0.000, 0.000, 0.000, 0.000, 0.000, 0.000, 0.000, 0.000, 0.000, 0.000, 0.000, 0.000, 0.000
1.021, 0.000, 0.000, 0.000, 0.000, 0.000, 0.000, 0.000, 0.000, 0.000, 0.000, 0.000, 0.000, 0.000, 0.000
1.021, 0.000, 0.000, 0.000, 0.000, 0.000, 0.000, 0.000, 0.000, 0.000, 0.000, 0.000, 0.000, 0.000, 0.000
1.071, 0.000, 0.000, 0.000, 0.000, 0.000, 0.000, 0.000, 0.000, 0.000, 0.000, 0.000, 0.000, 0.000, 0.000
1.122, 0.000, 0.000, 0.000, 0.000, 0.000, 0.000, 0.000, 0.000, 0.000, 0.000, 0.000, 0.000, 0.000, 0.000
1.122, 0.000, 0.000, 0.000, 0.000, 0.000, 0.000, 0.000, 0.000, 0.000, 0.000, 0.000, 0.000, 0.000, 0.000
1.173, 0.000, 0.000, 0.000, 0.000, 0.000, 0.000, 0.000, 0.000, 0.000, 0.000, 0.000, 0.000, 0.000, 0.000
1.223, 0.000, 0.000, 0.000, 0.000, 0.000, 0.000, 0.000, 0.000, 0.000, 0.000, 0.000, 0.000, 0.000, 0.000
1.223, 0.000, 0.000, 0.000, 0.000, 0.000, 0.000, 0.000, 0.000, 0.000, 0.000, 0.000, 0.000, 0.000, 0.000
1.273, 0.000, 0.000, 0.000, 0.000, 0.000, 0.000, 0.000, 0.000, 0.000, 0.000, 0.000, 0.000, 0.000, 0.000
1.324, 0.000, 0.000, 0.000, 0.000, 0.000, 0.000, 0.000, 0.000, 0.000, 0.000, 0.000, 0.000, 0.000, 0.000
1.324, 0.000, 0.000, 0.000, 0.000, 0.000, 0.000, 0.000, 0.000, 0.000, 0.000, 0.000, 0.000, 0.000, 0.000
1.375, 0.000, 0.000, 0.000, 0.000, 0.000, 0.000, 0.000, 0.000, 0.000, 0.000, 0.000, 0.000, 0.000, 0.000
1.426, 0.000, 0.000, 0.000, 0.000, 0.000, 0.000, 0.000, 0.000, 0.000, 0.000, 0.000, 0.000, 0.000, 0.000
1.426, 0.000, 0.000, 0.000, 0.000, 0.000, 0.000, 0.000, 0.000, 0.000, 0.000, 0.000, 0.000, 0.000, 0.000
1.476, 0.000, 0.000, 0.000, 0.000, 0.000, 0.000, 0.000, 0.000, 0.000, 0.000, 0.000, 0.000, 0.000, 0.000
1.527, 0.000, 0.000, 0.000, 0.000, 0.000, 0.000, 0.000, 0.000, 0.000, 0.000, 0.000, 0.000, 0.000, 0.000
1.527, 0.000, 0.000, 0.000, 0.000, 0.000, 0.000, 0.000, 0.000, 0.000, 0.000, 0.000, 0.000, 0.000, 0.000
1.578, 0.000, 0.000, 0.000, 0.000, 0.000, 0.000, 0.000, 0.000, 0.000, 0.000, 0.000, 0.000, 0.000, 0.000
1.628, 0.000, 0.000, 0.000, 0.000, 0.000, 0.000, 0.000, 0.000, 0.000, 0.000, 0.000, 0.000, 0.000, 0.000
1.628, 0.000, 0.000, 0.000, 0.000, 0.000, 0.000, 0.000, 0.000, 0.000, 0.000, 0.000, 0.000, 0.000, 0.000
1.678, 0.000, 0.000, 0.000, 0.000, 0.000, 0.000, 0.000, 0.000, 0.000, 0.000, 0.000, 0.000, 0.000, 0.000
1.729, 0.000, 0.000, 0.000, 0.000, 0.000, 0.000, 0.000, 0.000, 0.000, 0.000, 0.000, 0.000, 0.000, 0.000
1.729, 0.000, 0.000, 0.000, 0.000, 0.000, 0.000, 0.000, 0.000, 0.000, 0.000, 0.000, 0.000, 0.000, 0.000
1.780, 0.000, 0.000, 0.000, 0.000, 0.000, 0.000, 0.000, 0.000, 0.000, 0.000, 0.000, 0.000, 0.000, 0.000
1.831, 0.000, 0.000, 0.000, 0.000, 0.000, 0.000, 0.000, 0.000, 0.000, 0.000, 0.000, 0.000, 0.000, 0.000
1.831, 0.000, 0.000, 0.000, 0.000, 0.000, 0.000, 0.000, 0.000, 0.000, 0.000, 0.000, 0.000, 0.000, 0.000
1.881, 0.000, 0.000, 0.000, 0.000, 0.000, 0.000, 0.000, 0.000, 0.000, 0.000, 0.000, 0.000, 0.000, 0.000
1.931, 0.000, 0.000, 0.000, 0.000, 0.000, 0.000, 0.000, 0.000, 0.000, 0.000, 0.000, 0.000, 0.000, 0.000
1.931, 0.000, 0.000, 0.000, 0.000, 0.000, 0.000, 0.000, 0.000, 0.000, 0.000, 0.000, 0.000, 0.000, 0.000
1.982, 0.000, 0.000, 0.000, 0.000, 0.000, 0.000, 0.000, 0.000, 0.000, 0.000, 0.000, 0.000, 0.000, 0.000
2.033, 0.000, 0.000, 0.000, 0.000, 0.000, 0.000, 0.000, 0.000, 0.000, 0.000, 0.000, 0.000, 0.000, 0.000
2.033, 0.000, 0.000, 0.000, 0.000, 0.000, 0.000, 0.000, 0.000, 0.000, 0.000, 0.000, 0.000, 0.000, 0.000
2.083, 0.000, 0.000, 0.000, 0.000, 0.000, 0.000, 0.000, 0.000, 0.000, 0.000, 0.000, 0.000, 0.000, 0.000
2.134, 0.000, 0.000, 0.000, 0.000, 0.000, 0.000, 0.000, 0.000, 0.000, 0.000, 0.000, 0.000, 0.000, 0.079
2.134, 0.000, 0.000, 0.000, 0.000, 0.000, 0.000, 0.000, 0.000, 0.000, 0.000, 0.000, 0.000, 0.000, 0.079
2.185, 0.000, 0.000, 0.000, 0.000, 0.000, 0.000, 0.000, 0.000, 0.000, 0.000, 0.000, 0.000, 0.000, 0.066
2.235, 0.000, 0.000, 0.000, 0.000, 0.000, 0.000, 0.000, 0.000, 0.000, 0.000, 0.000, 0.000, 0.000, 0.071
2.235, 0.000, 0.000, 0.000, 0.000, 0.000, 0.000, 0.000, 0.000, 0.000, 0.000, 0.000, 0.000, 0.000, 0.071
2.286, 0.000, 0.000, 0.000, 0.000, 0.000, 0.000, 0.000, 0.000, 0.000, 0.000, 0.000, 0.000, 0.000, 0.109
2.336, 0.000, 0.000, 0.000, 0.000, 0.000, 0.000, 0.000, 0.000, 0.000, 0.000, 0.000, 0.000, 0.000, 0.113
2.336, 0.000, 0.000, 0.000, 0.000, 0.000, 0.000, 0.000, 0.000, 0.000, 0.000, 0.000, 0.000, 0.000, 0.113
2.387, 0.000, 0.000, 0.000, 0.000, 0.000, 0.000, 0.000, 0.000, 0.000, 0.000, 0.000, 0.000, 0.000, 0.135
2.438, 0.000, 0.000, 0.000, 0.000, 0.000, 0.000, 0.000, 0.000, 0.000, 0.000, 0.000, 0.000, 0.000, 0.139
2.438, 0.000, 0.000, 0.000, 0.000, 0.000, 0.000, 0.000, 0.000, 0.000, 0.000, 0.000, 0.000, 0.000, 0.139
2.488, 0.000, 0.000, 0.000, 0.000, 0.000, 0.000, 0.000, 0.000, 0.000, 0.000, 0.000, 0.000, 0.000, 0.152
2.538, 0.000, 0.000, 0.000, 0.000, 0.000, 0.000, 0.000, 0.000, 0.000, 0.000, 0.000, 0.000, 0.000, 0.196
2.589, 0.000, 0.000, 0.000, 0.000, 0.000, 0.000, 0.000, 0.000, 0.000, 0.000, 0.000, 0.000, 0.000, 0.250
2.589, 0.000, 0.000, 0.000, 0.000, 0.000, 0.000, 0.000, 0.000, 0.000, 0.000, 0.000, 0.000, 0.000, 0.250
2.640, 0.000, 0.000, 0.000, 0.000, 0.000, 0.000, 0.000, 0.000, 0.000, 0.000, 0.000, 0.000, 0.000, 0.262
2.690, 0.000, 0.000, 0.000, 0.000, 0.000, 0.000, 0.000, 0.000, 0.000, 0.000, 0.000, 0.000, 0.000, 0.322
2.690, 0.000, 0.000, 0.000, 0.000, 0.000, 0.000, 0.000, 0.000, 0.000, 0.000, 0.000, 0.000, 0.000, 0.322
2.740, 0.000, 0.000, 0.000, 0.000, 0.000, 0.000, 0.058, 0.000, 0.000, 0.000, 0.000, 0.000, 0.000, 0.371
2.790, 0.000, 0.000, 0.000, 0.000, 0.000, 0.000, 0.090, 0.000, 0.000, 0.000, 0.000, 0.000, 0.000, 0.422
2.790, 0.000, 0.000, 0.000, 0.000, 0.000, 0.000, 0.090, 0.000, 0.000, 0.000, 0.000, 0.000, 0.000, 0.422
2.841, 0.000, 0.000, 0.000, 0.000, 0.000, 0.000, 0.113, 0.000, 0.000, 0.000, 0.000, 0.000, 0.000, 0.469
2.892, 0.000, 0.000, 0.000, 0.000, 0.000, 0.000, 0.122, 0.000, 0.000, 0.000, 0.000, 0.000, 0.000, 0.477
2.892, 0.000, 0.000, 0.000, 0.000, 0.000, 0.000, 0.122, 0.000, 0.000, 0.000, 0.000, 0.000, 0.000, 0.477
2.942, 0.000, 0.000, 0.000, 0.000, 0.000, 0.000, 0.151, 0.000, 0.000, 0.000, 0.000, 0.000, 0.000, 0.543
2.994, 0.000, 0.000, 0.000, 0.000, 0.000, 0.000, 0.167, 0.000, 0.000, 0.000, 0.000, 0.000, 0.000, 0.573
2.994, 0.000, 0.000, 0.000, 0.000, 0.000, 0.000, 0.167, 0.000, 0.000, 0.000, 0.000, 0.000, 0.000, 0.573
3.044, 0.000, 0.000, 0.000, 0.000, 0.000, 0.000, 0.182, 0.000, 0.000, 0.000, 0.000, 0.000, 0.000, 0.591
3.094, 0.000, 0.000, 0.000, 0.000, 0.000, 0.000, 0.215, 0.000, 0.000, 0.000, 0.000, 0.000, 0.000, 0.607
3.094, 0.000, 0.000, 0.000, 0.000, 0.000, 0.000, 0.215, 0.000, 0.000, 0.000, 0.000, 0.000, 0.000, 0.607
3.144, 0.000, 0.000, 0.000, 0.000, 0.000, 0.000, 0.221, 0.000, 0.000, 0.000, 0.000, 0.000, 0.000, 0.621
3.195, 0.000, 0.000, 0.000, 0.000, 0.000, 0.000, 0.216, 0.000, 0.000, 0.000, 0.000, 0.000, 0.000, 0.620
3.195, 0.000, 0.000, 0.000, 0.000, 0.000, 0.000, 0.216, 0.000, 0.000, 0.000, 0.000, 0.000, 0.000, 0.620
3.245, 0.000, 0.000, 0.000, 0.000, 0.000, 0.000, 0.209, 0.000, 0.000, 0.000, 0.000, 0.000, 0.000, 0.609
3.295, 0.000, 0.000, 0.000, 0.000, 0.000, 0.000, 0.200, 0.000, 0.000, 0.000, 0.000, 0.000, 0.000, 0.589
3.295, 0.000, 0.000, 0.000, 0.000, 0.000, 0.000, 0.200, 0.000, 0.000, 0.000, 0.000, 0.000, 0.000, 0.589
3.345, 0.000, 0.000, 0.000, 0.000, 0.000, 0.000, 0.186, 0.000, 0.000, 0.000, 0.000, 0.000, 0.000, 0.581
3.396, 0.000, 0.000, 0.000, 0.000, 0.000, 0.000, 0.149, 0.000, 0.000, 0.000, 0.000, 0.000, 0.000, 0.559
3.396, 0.000, 0.000, 0.000, 0.000, 0.000, 0.000, 0.149, 0.000, 0.000, 0.000, 0.000, 0.000, 0.000, 0.559
3.447, 0.000, 0.000, 0.000, 0.000, 0.000, 0.000, 0.139, 0.000, 0.000, 0.000, 0.000, 0.000, 0.000, 0.522
3.497, 0.000, 0.000, 0.000, 0.000, 0.000, 0.000, 0.129, 0.000, 0.000, 0.000, 0.000, 0.000, 0.000, 0.509
3.497, 0.000, 0.000, 0.000, 0.000, 0.000, 0.000, 0.129, 0.000, 0.000, 0.000, 0.000, 0.000, 0.000, 0.509
3.548, 0.000, 0.000, 0.000, 0.000, 0.000, 0.000, 0.120, 0.000, 0.000, 0.000, 0.000, 0.000, 0.000, 0.493
3.599, 0.000, 0.000, 0.000, 0.000, 0.000, 0.000, 0.150, 0.000, 0.000, 0.000, 0.000, 0.000, 0.000, 0.533
3.599, 0.000, 0.000, 0.000, 0.000, 0.000, 0.000, 0.150, 0.000, 0.000, 0.000, 0.000, 0.000, 0.000, 0.533
3.649, 0.000, 0.000, 0.000, 0.000, 0.000, 0.000, 0.161, 0.000, 0.000, 0.000, 0.000, 0.000, 0.000, 0.552
3.700, 0.000, 0.000, 0.000, 0.000, 0.000, 0.000, 0.174, 0.000, 0.000, 0.000, 0.000, 0.000, 0.000, 0.585
3.700, 0.000, 0.000, 0.000, 0.000, 0.000, 0.000, 0.174, 0.000, 0.000, 0.000, 0.000, 0.000, 0.000, 0.585
3.751, 0.000, 0.000, 0.000, 0.000, 0.000, 0.000, 0.201, 0.000, 0.000, 0.000, 0.000, 0.000, 0.000, 0.602
3.801, 0.000, 0.000, 0.000, 0.000, 0.000, 0.000, 0.224, 0.000, 0.000, 0.000, 0.000, 0.000, 0.000, 0.629
3.801, 0.000, 0.000, 0.000, 0.000, 0.000, 0.000, 0.224, 0.000, 0.000, 0.000, 0.000, 0.000, 0.000, 0.629
3.851, 0.000, 0.000, 0.000, 0.000, 0.000, 0.000, 0.228, 0.000, 0.000, 0.000, 0.000, 0.000, 0.000, 0.640
3.902, 0.000, 0.000, 0.000, 0.000, 0.000, 0.000, 0.246, 0.000, 0.000, 0.000, 0.000, 0.000, 0.000, 0.660
3.902, 0.000, 0.000, 0.000, 0.000, 0.000, 0.000, 0.246, 0.000, 0.000, 0.000, 0.000, 0.000, 0.000, 0.660
3.953, 0.000, 0.000, 0.000, 0.000, 0.000, 0.000, 0.267, 0.000, 0.000, 0.000, 0.000, 0.000, 0.000, 0.693
4.004, 0.000, 0.000, 0.000, 0.000, 0.000, 0.000, 0.270, 0.000, 0.000, 0.000, 0.000, 0.000, 0.000, 0.710
4.004, 0.000, 0.000, 0.000, 0.000, 0.000, 0.000, 0.270, 0.000, 0.000, 0.000, 0.000, 0.000, 0.000, 0.710
4.054, 0.000, 0.000, 0.000, 0.000, 0.000, 0.000, 0.291, 0.000, 0.000, 0.000, 0.000, 0.000, 0.000, 0.739
4.105, 0.000, 0.000, 0.000, 0.000, 0.000, 0.000, 0.302, 0.000, 0.000, 0.000, 0.000, 0.000, 0.000, 0.756
4.105, 0.000, 0.000, 0.000, 0.000, 0.000, 0.000, 0.302, 0.000, 0.000, 0.000, 0.000, 0.000, 0.000, 0.756
4.156, 0.000, 0.000, 0.000, 0.000, 0.000, 0.000, 0.307, 0.000, 0.000, 0.000, 0.000, 0.000, 0.000, 0.778
4.206, 0.000, 0.000, 0.000, 0.000, 0.000, 0.000, 0.316, 0.000, 0.000, 0.000, 0.000, 0.000, 0.000, 0.801
4.206, 0.000, 0.000, 0.000, 0.000, 0.000, 0.000, 0.316, 0.000, 0.000, 0.000, 0.000, 0.000, 0.000, 0.801
4.257, 0.000, 0.000, 0.000, 0.000, 0.000, 0.000, 0.316, 0.000, 0.000, 0.000, 0.000, 0.000, 0.000, 0.801
4.307, 0.000, 0.000, 0.000, 0.000, 0.000, 0.000, 0.000, 0.000, 0.000, 0.000, 0.000, 0.000, 0.000, 0.104
4.307, 0.000, 0.000, 0.000, 0.000, 0.000, 0.000, 0.000, 0.000, 0.000, 0.000, 0.000, 0.000, 0.000, 0.104
4.358, 0.000, 0.000, 0.000, 0.000, 0.000, 0.000, 0.000, 0.000, 0.000, 0.000, 0.000, 0.000, 0.000, 0.104
4.409, 0.000, 0.000, 0.000, 0.000, 0.000, 0.000, 0.000, 0.000, 0.000, 0.000, 0.000, 0.000, 0.000, 0.000
4.409, 0.000, 0.000, 0.000, 0.000, 0.000, 0.000, 0.000, 0.000, 0.000, 0.000, 0.000, 0.000, 0.000, 0.000
4.459, 0.000, 0.000, 0.000, 0.000, 0.000, 0.000, 0.000, 0.000, 0.000, 0.000, 0.000, 0.000, 0.000, 0.000
4.510, 0.000, 0.000, 0.000, 0.000, 0.000, 0.000, 0.000, 0.000, 0.000, 0.000, 0.000, 0.000, 0.000, 0.000
4.510, 0.000, 0.000, 0.000, 0.000, 0.000, 0.000, 0.000, 0.000, 0.000, 0.000, 0.000, 0.000, 0.000, 0.000
4.561, 0.000, 0.000, 0.000, 0.000, 0.000, 0.000, 0.000, 0.000, 0.000, 0.000, 0.000, 0.000, 0.000, 0.000
4.612, 0.000, 0.000, 0.000, 0.000, 0.000, 0.000, 0.000, 0.000, 0.000, 0.000, 0.000, 0.000, 0.000, 0.000
4.612, 0.000, 0.000, 0.000, 0.000, 0.000, 0.000, 0.000, 0.000, 0.000, 0.000, 0.000, 0.000, 0.000, 0.000
4.662, 0.000, 0.000, 0.000, 0.000, 0.000, 0.000, 0.000, 0.000, 0.000, 0.000, 0.000, 0.000, 0.000, 0.000
4.713, 0.000, 0.000, 0.000, 0.000, 0.000, 0.000, 0.000, 0.000, 0.000, 0.000, 0.000, 0.000, 0.000, 0.000
4.713, 0.000, 0.000, 0.000, 0.000, 0.000, 0.000, 0.000, 0.000, 0.000, 0.000, 0.000, 0.000, 0.000, 0.000
4.763, 0.000, 0.000, 0.000, 0.000, 0.000, 0.000, 0.000, 0.000, 0.000, 0.000, 0.000, 0.000, 0.000, 0.000
4.814, 0.000, 0.000, 0.000, 0.000, 0.000, 0.000, 0.000, 0.000, 0.000, 0.000, 0.000, 0.000, 0.000, 0.000
4.814, 0.000, 0.000, 0.000, 0.000, 0.000, 0.000, 0.000, 0.000, 0.000, 0.000, 0.000, 0.000, 0.000, 0.000
4.865, 0.000, 0.000, 0.000, 0.000, 0.000, 0.000, 0.000, 0.000, 0.000, 0.000, 0.000, 0.000, 0.000, 0.000
4.915, 0.000, 0.000, 0.000, 0.000, 0.000, 0.000, 0.000, 0.000, 0.000, 0.000, 0.000, 0.000, 0.000, 0.000
4.915, 0.000, 0.000, 0.000, 0.000, 0.000, 0.000, 0.000, 0.000, 0.000, 0.000, 0.000, 0.000, 0.000, 0.000
4.966, 0.000, 0.000, 0.000, 0.000, 0.000, 0.000, 0.000, 0.000, 0.000, 0.000, 0.000, 0.000, 0.000, 0.000
5.016, 0.000, 0.000, 0.000, 0.000, 0.000, 0.000, 0.000, 0.000, 0.000, 0.000, 0.000, 0.000, 0.000, 0.000
5.016, 0.000, 0.000, 0.000, 0.000, 0.000, 0.000, 0.000, 0.000, 0.000, 0.000, 0.000, 0.000, 0.000, 0.000
5.066, 0.000, 0.000, 0.000, 0.000, 0.000, 0.000, 0.000, 0.000, 0.000, 0.000, 0.000, 0.000, 0.000, 0.000
5.116, 0.000, 0.000, 0.000, 0.000, 0.000, 0.000, 0.000, 0.000, 0.000, 0.000, 0.000, 0.000, 0.000, 0.000
5.116, 0.000, 0.000, 0.000, 0.000, 0.000, 0.000, 0.000, 0.000, 0.000, 0.000, 0.000, 0.000, 0.000, 0.000
5.167, 0.000, 0.000, 0.000, 0.000, 0.000, 0.000, 0.000, 0.000, 0.000, 0.000, 0.000, 0.000, 0.000, 0.000
5.218, 0.000, 0.000, 0.000, 0.000, 0.000, 0.000, 0.000, 0.000, 0.000, 0.000, 0.000, 0.000, 0.000, 0.000
5.218, 0.000, 0.000, 0.000, 0.000, 0.000, 0.000, 0.000, 0.000, 0.000, 0.000, 0.000, 0.000, 0.000, 0.000
5.268, 0.000, 0.000, 0.000, 0.000, 0.000, 0.000, 0.000, 0.000, 0.000, 0.000, 0.000, 0.000, 0.000, 0.000
5.319, 0.000, 0.000, 0.000, 0.000, 0.000, 0.000, 0.000, 0.000, 0.000, 0.000, 0.000, 0.000, 0.000, 0.000
5.319, 0.000, 0.000, 0.000, 0.000, 0.000, 0.000, 0.000, 0.000, 0.000, 0.000, 0.000, 0.000, 0.000, 0.000
5.369, 0.000, 0.000, 0.000, 0.000, 0.000, 0.000, 0.000, 0.000, 0.000, 0.000, 0.000, 0.000, 0.000, 0.000
5.420, 0.000, 0.000, 0.000, 0.000, 0.000, 0.000, 0.000, 0.000, 0.000, 0.000, 0.000, 0.000, 0.000, 0.000
5.470, 0.000, 0.000, 0.000, 0.000, 0.000, 0.000, 0.000, 0.000, 0.000, 0.000, 0.000, 0.000, 0.000, 0.000
5.470, 0.000, 0.000, 0.000, 0.000, 0.000, 0.000, 0.000, 0.000, 0.000, 0.000, 0.000, 0.000, 0.000, 0.000
5.521, 0.000, 0.000, 0.000, 0.000, 0.000, 0.000, 0.000, 0.000, 0.000, 0.000, 0.000, 0.000, 0.000, 0.000
5.572, 0.000, 0.000, 0.000, 0.000, 0.000, 0.000, 0.000, 0.000, 0.000, 0.000, 0.000, 0.000, 0.000, 0.000
5.572, 0.000, 0.000, 0.000, 0.000, 0.000, 0.000, 0.000, 0.000, 0.000, 0.000, 0.000, 0.000, 0.000, 0.000
5.622, 0.000, 0.000, 0.000, 0.000, 0.000, 0.000, 0.000, 0.000, 0.000, 0.000, 0.000, 0.000, 0.000, 0.000
5.673, 0.000, 0.000, 0.000, 0.000, 0.000, 0.000, 0.000, 0.000, 0.000, 0.000, 0.000, 0.000, 0.000, 0.000
5.673, 0.000, 0.000, 0.000, 0.000, 0.000, 0.000, 0.000, 0.000, 0.000, 0.000, 0.000, 0.000, 0.000, 0.000
5.723, 0.000, 0.000, 0.000, 0.000, 0.000, 0.000, 0.000, 0.000, 0.000, 0.000, 0.000, 0.000, 0.000, 0.000
5.773, 0.000, 0.000, 0.000, 0.000, 0.000, 0.000, 0.000, 0.000, 0.000, 0.000, 0.000, 0.000, 0.000, 0.000
5.773, 0.000, 0.000, 0.000, 0.000, 0.000, 0.000, 0.000, 0.000, 0.000, 0.000, 0.000, 0.000, 0.000, 0.000
5.824, 0.000, 0.000, 0.000, 0.000, 0.000, 0.000, 0.000, 0.000, 0.000, 0.000, 0.000, 0.000, 0.000, 0.000
5.875, 0.000, 0.000, 0.000, 0.000, 0.000, 0.000, 0.000, 0.000, 0.000, 0.000, 0.000, 0.000, 0.000, 0.000
5.875, 0.000, 0.000, 0.000, 0.000, 0.000, 0.000, 0.000, 0.000, 0.000, 0.000, 0.000, 0.000, 0.000, 0.000
5.925, 0.000, 0.000, 0.000, 0.000, 0.000, 0.000, 0.000, 0.000, 0.000, 0.000, 0.000, 0.000, 0.000, 0.000
5.976, 0.000, 0.000, 0.000, 0.000, 0.000, 0.000, 0.000, 0.000, 0.000, 0.000, 0.000, 0.000, 0.000, 0.000
5.976, 0.000, 0.000, 0.000, 0.000, 0.000, 0.000, 0.000, 0.000, 0.000, 0.000, 0.000, 0.000, 0.000, 0.000
6.026, 0.000, 0.000, 0.000, 0.000, 0.000, 0.000, 0.000, 0.000, 0.000, 0.000, 0.000, 0.000, 0.000, 0.000
6.077, 0.000, 0.000, 0.000, 0.000, 0.000, 0.000, 0.000, 0.000, 0.000, 0.000, 0.000, 0.000, 0.000, 0.000
6.077, 0.000, 0.000, 0.000, 0.000, 0.000, 0.000, 0.000, 0.000, 0.000, 0.000, 0.000, 0.000, 0.000, 0.000
6.128, 0.000, 0.000, 0.000, 0.000, 0.000, 0.000, 0.000, 0.000, 0.000, 0.000, 0.000, 0.000, 0.000, 0.000
6.178, 0.000, 0.000, 0.000, 0.000, 0.000, 0.000, 0.000, 0.000, 0.000, 0.000, 0.000, 0.000, 0.000, 0.000
6.178, 0.000, 0.000, 0.000, 0.000, 0.000, 0.000, 0.000, 0.000, 0.000, 0.000, 0.000, 0.000, 0.000, 0.000
6.230, 0.000, 0.000, 0.000, 0.000, 0.000, 0.000, 0.000, 0.000, 0.000, 0.000, 0.000, 0.000, 0.000, 0.000
6.280, 0.000, 0.000, 0.000, 0.000, 0.000, 0.000, 0.000, 0.000, 0.000, 0.000, 0.000, 0.000, 0.000, 0.000
6.280, 0.000, 0.000, 0.000, 0.000, 0.000, 0.000, 0.000, 0.000, 0.000, 0.000, 0.000, 0.000, 0.000, 0.000
6.331, 0.000, 0.000, 0.000, 0.000, 0.000, 0.000, 0.000, 0.000, 0.000, 0.000, 0.000, 0.000, 0.000, 0.000
6.381, 0.000, 0.000, 0.000, 0.000, 0.000, 0.000, 0.000, 0.000, 0.000, 0.000, 0.000, 0.000, 0.000, 0.000
6.381, 0.000, 0.000, 0.000, 0.000, 0.000, 0.000, 0.000, 0.000, 0.000, 0.000, 0.000, 0.000, 0.000, 0.000
6.431, 0.000, 0.000, 0.000, 0.000, 0.000, 0.000, 0.000, 0.000, 0.000, 0.000, 0.000, 0.000, 0.000, 0.000
6.482, 0.000, 0.000, 0.000, 0.000, 0.000, 0.000, 0.000, 0.000, 0.000, 0.000, 0.000, 0.000, 0.000, 0.000
6.482, 0.000, 0.000, 0.000, 0.000, 0.000, 0.000, 0.000, 0.000, 0.000, 0.000, 0.000, 0.000, 0.000, 0.000
6.533, 0.000, 0.000, 0.000, 0.000, 0.000, 0.000, 0.000, 0.000, 0.000, 0.000, 0.000, 0.000, 0.000, 0.000
6.584, 0.000, 0.000, 0.000, 0.000, 0.000, 0.000, 0.000, 0.000, 0.000, 0.000, 0.000, 0.000, 0.000, 0.000
6.584, 0.000, 0.000, 0.000, 0.000, 0.000, 0.000, 0.000, 0.000, 0.000, 0.000, 0.000, 0.000, 0.000, 0.000
6.634, 0.000, 0.000, 0.000, 0.000, 0.000, 0.000, 0.000, 0.000, 0.000, 0.000, 0.000, 0.000, 0.000, 0.000
6.685, 0.000, 0.000, 0.000, 0.000, 0.000, 0.000, 0.000, 0.000, 0.000, 0.000, 0.000, 0.000, 0.000, 0.000
6.685, 0.000, 0.000, 0.000, 0.000, 0.000, 0.000, 0.000, 0.000, 0.000, 0.000, 0.000, 0.000, 0.000, 0.000
6.736, 0.000, 0.000, 0.000, 0.000, 0.000, 0.000, 0.000, 0.000, 0.000, 0.000, 0.000, 0.000, 0.000, 0.000
6.787, 0.000, 0.000, 0.000, 0.000, 0.000, 0.000, 0.000, 0.000, 0.000, 0.000, 0.000, 0.000, 0.000, 0.000
6.787, 0.000, 0.000, 0.000, 0.000, 0.000, 0.000, 0.000, 0.000, 0.000, 0.000, 0.000, 0.000, 0.000, 0.000
6.837, 0.000, 0.000, 0.000, 0.000, 0.000, 0.000, 0.000, 0.000, 0.000, 0.000, 0.000, 0.000, 0.000, 0.000
6.888, 0.000, 0.000, 0.000, 0.000, 0.000, 0.000, 0.000, 0.000, 0.000, 0.000, 0.000, 0.000, 0.000, 0.000
6.888, 0.000, 0.000, 0.000, 0.000, 0.000, 0.000, 0.000, 0.000, 0.000, 0.000, 0.000, 0.000, 0.000, 0.000
6.938, 0.000, 0.000, 0.000, 0.000, 0.000, 0.000, 0.000, 0.000, 0.000, 0.000, 0.000, 0.000, 0.000, 0.000
6.989, 0.000, 0.000, 0.000, 0.000, 0.000, 0.000, 0.000, 0.000, 0.000, 0.000, 0.000, 0.000, 0.000, 0.000
6.989, 0.000, 0.000, 0.000, 0.000, 0.000, 0.000, 0.000, 0.000, 0.000, 0.000, 0.000, 0.000, 0.000, 0.000
7.039, 0.000, 0.000, 0.000, 0.000, 0.000, 0.000, 0.000, 0.000, 0.000, 0.000, 0.000, 0.000, 0.000, 0.000
7.090, 0.000, 0.000, 0.000, 0.000, 0.000, 0.000, 0.000, 0.000, 0.000, 0.000, 0.000, 0.000, 0.000, 0.000
7.090, 0.000, 0.000, 0.000, 0.000, 0.000, 0.000, 0.000, 0.000, 0.000, 0.000, 0.000, 0.000, 0.000, 0.000
7.140, 0.000, 0.000, 0.000, 0.000, 0.000, 0.000, 0.000, 0.000, 0.000, 0.000, 0.000, 0.000, 0.000, 0.000
7.190, 0.000, 0.000, 0.000, 0.000, 0.000, 0.000, 0.000, 0.000, 0.000, 0.000, 0.000, 0.000, 0.000, 0.000
7.190, 0.000, 0.000, 0.000, 0.000, 0.000, 0.000, 0.000, 0.000, 0.000, 0.000, 0.000, 0.000, 0.000, 0.000
7.241, 0.000, 0.000, 0.000, 0.000, 0.000, 0.000, 0.000, 0.000, 0.000, 0.000, 0.000, 0.000, 0.000, 0.000
7.292, 0.000, 0.000, 0.000, 0.000, 0.000, 0.000, 0.000, 0.000, 0.000, 0.000, 0.000, 0.000, 0.000, 0.000
7.292, 0.000, 0.000, 0.000, 0.000, 0.000, 0.000, 0.000, 0.000, 0.000, 0.000, 0.000, 0.000, 0.000, 0.000
7.342, 0.000, 0.000, 0.000, 0.000, 0.000, 0.000, 0.000, 0.000, 0.000, 0.000, 0.000, 0.000, 0.000, 0.000
7.393, 0.000, 0.000, 0.000, 0.000, 0.000, 0.000, 0.000, 0.000, 0.000, 0.000, 0.000, 0.000, 0.000, 0.000
7.393, 0.000, 0.000, 0.000, 0.000, 0.000, 0.000, 0.000, 0.000, 0.000, 0.000, 0.000, 0.000, 0.000, 0.000
7.444, 0.000, 0.000, 0.000, 0.000, 0.000, 0.000, 0.000, 0.000, 0.000, 0.000, 0.000, 0.000, 0.000, 0.000
7.495, 0.000, 0.000, 0.000, 0.000, 0.000, 0.000, 0.000, 0.000, 0.000, 0.000, 0.000, 0.000, 0.000, 0.000
7.495, 0.000, 0.000, 0.000, 0.000, 0.000, 0.000, 0.000, 0.000, 0.000, 0.000, 0.000, 0.000, 0.000, 0.000
7.547, 0.000, 0.000, 0.000, 0.000, 0.000, 0.000, 0.000, 0.000, 0.000, 0.000, 0.000, 0.000, 0.000, 0.000
7.598, 0.000, 0.000, 0.000, 0.000, 0.000, 0.000, 0.000, 0.000, 0.000, 0.000, 0.000, 0.000, 0.000, 0.000
7.598, 0.000, 0.000, 0.000, 0.000, 0.000, 0.000, 0.000, 0.000, 0.000, 0.000, 0.000, 0.000, 0.000, 0.000
7.651, 0.000, 0.000, 0.000, 0.000, 0.000, 0.000, 0.000, 0.000, 0.000, 0.000, 0.000, 0.000, 0.000, 0.000
7.701, 0.000, 0.000, 0.000, 0.000, 0.000, 0.000, 0.000, 0.000, 0.000, 0.000, 0.000, 0.000, 0.000, 0.100
7.752, 0.000, 0.000, 0.000, 0.000, 0.000, 0.000, 0.000, 0.000, 0.000, 0.000, 0.000, 0.000, 0.000, 0.100
7.752, 0.000, 0.000, 0.000, 0.000, 0.000, 0.000, 0.000, 0.000, 0.000, 0.000, 0.000, 0.000, 0.000, 0.100
7.802, 0.000, 0.000, 0.000, 0.000, 0.000, 0.000, 0.000, 0.000, 0.000, 0.000, 0.000, 0.000, 0.000, 0.083
7.853, 0.000, 0.000, 0.000, 0.000, 0.000, 0.000, 0.000, 0.000, 0.000, 0.000, 0.000, 0.000, 0.000, 0.102
7.853, 0.000, 0.000, 0.000, 0.000, 0.000, 0.000, 0.000, 0.000, 0.000, 0.000, 0.000, 0.000, 0.000, 0.102
7.904, 0.000, 0.000, 0.000, 0.000, 0.000, 0.000, 0.000, 0.000, 0.000, 0.000, 0.000, 0.000, 0.000, 0.127
7.954, 0.000, 0.000, 0.000, 0.000, 0.000, 0.000, 0.000, 0.000, 0.000, 0.000, 0.000, 0.000, 0.000, 0.151
7.954, 0.000, 0.000, 0.000, 0.000, 0.000, 0.000, 0.000, 0.000, 0.000, 0.000, 0.000, 0.000, 0.000, 0.151
8.005, 0.000, 0.000, 0.000, 0.000, 0.000, 0.000, 0.000, 0.000, 0.000, 0.000, 0.000, 0.000, 0.000, 0.161
8.055, 0.000, 0.000, 0.000, 0.000, 0.000, 0.000, 0.000, 0.000, 0.000, 0.000, 0.000, 0.000, 0.000, 0.221
8.055, 0.000, 0.000, 0.000, 0.000, 0.000, 0.000, 0.000, 0.000, 0.000, 0.000, 0.000, 0.000, 0.000, 0.221
8.106, 0.000, 0.000, 0.000, 0.000, 0.000, 0.000, 0.000, 0.000, 0.000, 0.000, 0.000, 0.000, 0.000, 0.293
8.156, 0.000, 0.000, 0.000, 0.000, 0.000, 0.000, 0.000, 0.000, 0.000, 0.000, 0.000, 0.000, 0.000, 0.307
8.156, 0.000, 0.000, 0.000, 0.000, 0.000, 0.000, 0.000, 0.000, 0.000, 0.000, 0.000, 0.000, 0.000, 0.307
8.206, 0.000, 0.000, 0.000, 0.000, 0.000, 0.000, 0.000, 0.000, 0.000, 0.000, 0.000, 0.000, 0.000, 0.375
8.257, 0.000, 0.000, 0.000, 0.000, 0.000, 0.000, 0.067, 0.000, 0.000, 0.000, 0.000, 0.000, 0.000, 0.407
8.257, 0.000, 0.000, 0.000, 0.000, 0.000, 0.000, 0.067, 0.000, 0.000, 0.000, 0.000, 0.000, 0.000, 0.407
8.308, 0.000, 0.000, 0.000, 0.000, 0.000, 0.000, 0.104, 0.000, 0.000, 0.000, 0.000, 0.000, 0.000, 0.469
8.359, 0.000, 0.000, 0.000, 0.000, 0.000, 0.000, 0.145, 0.000, 0.000, 0.000, 0.000, 0.000, 0.000, 0.511
8.359, 0.000, 0.000, 0.000, 0.000, 0.000, 0.000, 0.145, 0.000, 0.000, 0.000, 0.000, 0.000, 0.000, 0.511
8.410, 0.000, 0.000, 0.000, 0.000, 0.000, 0.000, 0.155, 0.000, 0.000, 0.000, 0.000, 0.000, 0.000, 0.526
8.461, 0.000, 0.000, 0.000, 0.000, 0.000, 0.000, 0.178, 0.000, 0.000, 0.000, 0.000, 0.000, 0.000, 0.559
8.461, 0.000, 0.000, 0.000, 0.000, 0.000, 0.000, 0.178, 0.000, 0.000, 0.000, 0.000, 0.000, 0.000, 0.559
8.511, 0.000, 0.000, 0.000, 0.000, 0.000, 0.000, 0.192, 0.000, 0.000, 0.000, 0.000, 0.000, 0.000, 0.593
8.561, 0.000, 0.000, 0.000, 0.000, 0.000, 0.000, 0.204, 0.000, 0.000, 0.000, 0.000, 0.000, 0.000, 0.608
8.561, 0.000, 0.000, 0.000, 0.000, 0.000, 0.000, 0.204, 0.000, 0.000, 0.000, 0.000, 0.000, 0.000, 0.608
8.612, 0.000, 0.000, 0.000, 0.000, 0.000, 0.000, 0.213, 0.000, 0.000, 0.000, 0.000, 0.000, 0.000, 0.619
8.662, 0.000, 0.000, 0.000, 0.000, 0.000, 0.000, 0.207, 0.000, 0.000, 0.000, 0.000, 0.000, 0.000, 0.613
8.662, 0.000, 0.000, 0.000, 0.000, 0.000, 0.000, 0.207, 0.000, 0.000, 0.000, 0.000, 0.000, 0.000, 0.613
8.712, 0.000, 0.000, 0.000, 0.000, 0.000, 0.000, 0.201, 0.000, 0.000, 0.000, 0.000, 0.000, 0.000, 0.605
8.763, 0.000, 0.000, 0.000, 0.000, 0.000, 0.000, 0.187, 0.000, 0.000, 0.000, 0.000, 0.000, 0.000, 0.586
8.763, 0.000, 0.000, 0.000, 0.000, 0.000, 0.000, 0.187, 0.000, 0.000, 0.000, 0.000, 0.000, 0.000, 0.586
8.814, 0.000, 0.000, 0.000, 0.000, 0.000, 0.000, 0.167, 0.000, 0.000, 0.000, 0.000, 0.000, 0.000, 0.570
8.865, 0.000, 0.000, 0.000, 0.000, 0.000, 0.000, 0.154, 0.000, 0.000, 0.000, 0.000, 0.000, 0.000, 0.550
8.865, 0.000, 0.000, 0.000, 0.000, 0.000, 0.000, 0.154, 0.000, 0.000, 0.000, 0.000, 0.000, 0.000, 0.550
8.916, 0.000, 0.000, 0.000, 0.000, 0.000, 0.000, 0.135, 0.000, 0.000, 0.000, 0.000, 0.000, 0.000, 0.523
8.966, 0.000, 0.000, 0.000, 0.000, 0.000, 0.000, 0.110, 0.000, 0.000, 0.000, 0.000, 0.000, 0.000, 0.496
8.966, 0.000, 0.000, 0.000, 0.000, 0.000, 0.000, 0.110, 0.000, 0.000, 0.000, 0.000, 0.000, 0.000, 0.496
9.017, 0.000, 0.000, 0.000, 0.000, 0.000, 0.000, 0.113, 0.000, 0.000, 0.000, 0.000, 0.000, 0.000, 0.493
9.067, 0.000, 0.000, 0.000, 0.000, 0.000, 0.000, 0.137, 0.000, 0.000, 0.000, 0.000, 0.000, 0.000, 0.532
9.067, 0.000, 0.000, 0.000, 0.000, 0.000, 0.000, 0.137, 0.000, 0.000, 0.000, 0.000, 0.000, 0.000, 0.532
9.118, 0.000, 0.000, 0.000, 0.000, 0.000, 0.000, 0.160, 0.000, 0.000, 0.000, 0.000, 0.000, 0.000, 0.561
9.168, 0.000, 0.000, 0.000, 0.000, 0.000, 0.000, 0.182, 0.000, 0.000, 0.000, 0.000, 0.000, 0.000, 0.597
9.168, 0.000, 0.000, 0.000, 0.000, 0.000, 0.000, 0.182, 0.000, 0.000, 0.000, 0.000, 0.000, 0.000, 0.597
9.219, 0.000, 0.000, 0.000, 0.000, 0.000, 0.000, 0.192, 0.000, 0.000, 0.000, 0.000, 0.000, 0.000, 0.600
9.270, 0.000, 0.000, 0.000, 0.000, 0.000, 0.000, 0.205, 0.000, 0.000, 0.000, 0.000, 0.000, 0.000, 0.619
9.270, 0.000, 0.000, 0.000, 0.000, 0.000, 0.000, 0.205, 0.000, 0.000, 0.000, 0.000, 0.000, 0.000, 0.619
9.320, 0.000, 0.000, 0.000, 0.000, 0.000, 0.000, 0.229, 0.000, 0.000, 0.000, 0.000, 0.000, 0.000, 0.645
9.371, 0.000, 0.000, 0.000, 0.000, 0.000, 0.000, 0.239, 0.000, 0.000, 0.000, 0.000, 0.000, 0.000, 0.651
9.371, 0.000, 0.000, 0.000, 0.000, 0.000, 0.000, 0.239, 0.000, 0.000, 0.000, 0.000, 0.000, 0.000, 0.651
9.422, 0.000, 0.000, 0.000, 0.000, 0.000, 0.000, 0.254, 0.000, 0.000, 0.000, 0.000, 0.000, 0.000, 0.678
9.472, 0.000, 0.000, 0.000, 0.000, 0.000, 0.000, 0.264, 0.000, 0.000, 0.000, 0.000, 0.000, 0.000, 0.717
9.523, 0.000, 0.000, 0.000, 0.000, 0.000, 0.000, 0.273, 0.000, 0.000, 0.000, 0.000, 0.000, 0.000, 0.726
9.523, 0.000, 0.000, 0.000, 0.000, 0.000, 0.000, 0.273, 0.000, 0.000, 0.000, 0.000, 0.000, 0.000, 0.726
9.573, 0.000, 0.000, 0.000, 0.000, 0.000, 0.000, 0.288, 0.000, 0.000, 0.000, 0.000, 0.000, 0.000, 0.768
9.624, 0.000, 0.000, 0.000, 0.000, 0.000, 0.000, 0.303, 0.000, 0.000, 0.000, 0.000, 0.000, 0.000, 0.806
9.624, 0.000, 0.000, 0.000, 0.000, 0.000, 0.000, 0.303, 0.000, 0.000, 0.000, 0.000, 0.000, 0.000, 0.806
9.674, 0.000, 0.000, 0.000, 0.000, 0.000, 0.000, 0.303, 0.000, 0.000, 0.000, 0.000, 0.000, 0.000, 0.806
9.724, 0.000, 0.000, 0.000, 0.000, 0.000, 0.000, 0.303, 0.000, 0.000, 0.000, 0.000, 0.000, 0.000, 0.806
9.724, 0.000, 0.000, 0.000, 0.000, 0.000, 0.000, 0.303, 0.000, 0.000, 0.000, 0.000, 0.000, 0.000, 0.806
9.775, 0.000, 0.000, 0.000, 0.000, 0.000, 0.000, 0.000, 0.000, 0.000, 0.000, 0.000, 0.000, 0.000, 0.111
9.826, 0.000, 0.000, 0.000, 0.000, 0.000, 0.000, 0.000, 0.000, 0.000, 0.000, 0.000, 0.000, 0.000, 0.111
9.826, 0.000, 0.000, 0.000, 0.000, 0.000, 0.000, 0.000, 0.000, 0.000, 0.000, 0.000, 0.000, 0.000, 0.111
9.876, 0.000, 0.000, 0.000, 0.000, 0.000, 0.000, 0.000, 0.000, 0.000, 0.000, 0.000, 0.000, 0.000, 0.000
9.926, 0.000, 0.000, 0.000, 0.000, 0.000, 0.000, 0.000, 0.000, 0.000, 0.000, 0.000, 0.000, 0.000, 0.000
9.926, 0.000, 0.000, 0.000, 0.000, 0.000, 0.000, 0.000, 0.000, 0.000, 0.000, 0.000, 0.000, 0.000, 0.000
9.977, 0.000, 0.000, 0.000, 0.000, 0.000, 0.000, 0.000, 0.000, 0.000, 0.000, 0.000, 0.000, 0.000, 0.000
10.027, 0.000, 0.000, 0.000, 0.000, 0.000, 0.000, 0.000, 0.000, 0.000, 0.000, 0.000, 0.000, 0.000, 0.000
10.027, 0.000, 0.000, 0.000, 0.000, 0.000, 0.000, 0.000, 0.000, 0.000, 0.000, 0.000, 0.000, 0.000, 0.000
10.077, 0.000, 0.000, 0.000, 0.000, 0.000, 0.000, 0.000, 0.000, 0.000, 0.000, 0.000, 0.000, 0.000, 0.000
10.128, 0.000, 0.000, 0.000, 0.000, 0.000, 0.000, 0.000, 0.000, 0.000, 0.000, 0.000, 0.000, 0.000, 0.000
10.128, 0.000, 0.000, 0.000, 0.000, 0.000, 0.000, 0.000, 0.000, 0.000, 0.000, 0.000, 0.000, 0.000, 0.000
10.178, 0.000, 0.000, 0.000, 0.000, 0.000, 0.000, 0.000, 0.000, 0.000, 0.000, 0.000, 0.000, 0.000, 0.000
10.229, 0.000, 0.000, 0.000, 0.000, 0.000, 0.000, 0.000, 0.000, 0.000, 0.000, 0.000, 0.000, 0.000, 0.000
10.229, 0.000, 0.000, 0.000, 0.000, 0.000, 0.000, 0.000, 0.000, 0.000, 0.000, 0.000, 0.000, 0.000, 0.000
10.280, 0.000, 0.000, 0.000, 0.000, 0.000, 0.000, 0.000, 0.000, 0.000, 0.000, 0.000, 0.000, 0.000, 0.000
10.330, 0.000, 0.000, 0.000, 0.000, 0.000, 0.000, 0.000, 0.000, 0.000, 0.000, 0.000, 0.000, 0.000, 0.000
10.330, 0.000, 0.000, 0.000, 0.000, 0.000, 0.000, 0.000, 0.000, 0.000, 0.000, 0.000, 0.000, 0.000, 0.000
10.381, 0.000, 0.000, 0.000, 0.000, 0.000, 0.000, 0.000, 0.000, 0.000, 0.000, 0.000, 0.000, 0.000, 0.000
10.432, 0.000, 0.000, 0.000, 0.000, 0.000, 0.000, 0.000, 0.000, 0.000, 0.000, 0.000, 0.000, 0.000, 0.000
10.432, 0.000, 0.000, 0.000, 0.000, 0.000, 0.000, 0.000, 0.000, 0.000, 0.000, 0.000, 0.000, 0.000, 0.000
10.482, 0.000, 0.000, 0.000, 0.000, 0.000, 0.000, 0.000, 0.000, 0.000, 0.000, 0.000, 0.000, 0.000, 0.000
10.532, 0.000, 0.000, 0.000, 0.000, 0.000, 0.000, 0.000, 0.000, 0.000, 0.000, 0.000, 0.000, 0.000, 0.000
10.532, 0.000, 0.000, 0.000, 0.000, 0.000, 0.000, 0.000, 0.000, 0.000, 0.000, 0.000, 0.000, 0.000, 0.000
10.583, 0.000, 0.000, 0.000, 0.000, 0.000, 0.000, 0.000, 0.000, 0.000, 0.000, 0.000, 0.000, 0.000, 0.000
10.633, 0.000, 0.000, 0.000, 0.000, 0.000, 0.000, 0.000, 0.000, 0.000, 0.000, 0.000, 0.000, 0.000, 0.000
10.633, 0.000, 0.000, 0.000, 0.000, 0.000, 0.000, 0.000, 0.000, 0.000, 0.000, 0.000, 0.000, 0.000, 0.000
10.684, 0.000, 0.000, 0.000, 0.000, 0.000, 0.000, 0.000, 0.000, 0.000, 0.000, 0.000, 0.000, 0.000, 0.000
10.735, 0.000, 0.000, 0.000, 0.000, 0.000, 0.000, 0.000, 0.000, 0.000, 0.000, 0.000, 0.000, 0.000, 0.000
10.735, 0.000, 0.000, 0.000, 0.000, 0.000, 0.000, 0.000, 0.000, 0.000, 0.000, 0.000, 0.000, 0.000, 0.000
10.785, 0.000, 0.000, 0.000, 0.000, 0.000, 0.000, 0.000, 0.000, 0.000, 0.000, 0.000, 0.000, 0.000, 0.000
10.836, 0.000, 0.000, 0.000, 0.000, 0.000, 0.000, 0.000, 0.000, 0.000, 0.000, 0.000, 0.000, 0.000, 0.000
10.836, 0.000, 0.000, 0.000, 0.000, 0.000, 0.000, 0.000, 0.000, 0.000, 0.000, 0.000, 0.000, 0.000, 0.000
10.886, 0.000, 0.000, 0.000, 0.000, 0.000, 0.000, 0.000, 0.000, 0.000, 0.000, 0.000, 0.000, 0.000, 0.000
10.936, 0.000, 0.000, 0.000, 0.000, 0.000, 0.000, 0.000, 0.000, 0.000, 0.000, 0.000, 0.000, 0.000, 0.000
10.936, 0.000, 0.000, 0.000, 0.000, 0.000, 0.000, 0.000, 0.000, 0.000, 0.000, 0.000, 0.000, 0.000, 0.000
10.989, 0.000, 0.000, 0.000, 0.000, 0.000, 0.000, 0.000, 0.000, 0.000, 0.000, 0.000, 0.000, 0.000, 0.000
11.040, 0.000, 0.000, 0.000, 0.000, 0.000, 0.000, 0.000, 0.000, 0.000, 0.000, 0.000, 0.000, 0.000, 0.000
11.091, 0.000, 0.000, 0.000, 0.000, 0.000, 0.000, 0.000, 0.000, 0.000, 0.000, 0.000, 0.000, 0.000, 0.000
11.091, 0.000, 0.000, 0.000, 0.000, 0.000, 0.000, 0.000, 0.000, 0.000, 0.000, 0.000, 0.000, 0.000, 0.000
11.141, 0.000, 0.000, 0.000, 0.000, 0.000, 0.000, 0.000, 0.000, 0.000, 0.000, 0.000, 0.000, 0.000, 0.000
11.191, 0.000, 0.000, 0.000, 0.000, 0.000, 0.000, 0.000, 0.000, 0.000, 0.000, 0.000, 0.000, 0.000, 0.000
11.191, 0.000, 0.000, 0.000, 0.000, 0.000, 0.000, 0.000, 0.000, 0.000, 0.000, 0.000, 0.000, 0.000, 0.000
11.242, 0.000, 0.000, 0.000, 0.000, 0.000, 0.000, 0.000, 0.000, 0.000, 0.000, 0.000, 0.000, 0.000, 0.000
11.293, 0.000, 0.000, 0.000, 0.000, 0.000, 0.000, 0.000, 0.000, 0.000, 0.000, 0.000, 0.000, 0.000, 0.000
11.293, 0.000, 0.000, 0.000, 0.000, 0.000, 0.000, 0.000, 0.000, 0.000, 0.000, 0.000, 0.000, 0.000, 0.000
11.344, 0.000, 0.000, 0.000, 0.000, 0.000, 0.000, 0.000, 0.000, 0.000, 0.000, 0.000, 0.000, 0.000, 0.000
11.395, 0.000, 0.000, 0.000, 0.000, 0.000, 0.000, 0.000, 0.000, 0.000, 0.000, 0.000, 0.000, 0.000, 0.000
11.395, 0.000, 0.000, 0.000, 0.000, 0.000, 0.000, 0.000, 0.000, 0.000, 0.000, 0.000, 0.000, 0.000, 0.000
11.445, 0.000, 0.000, 0.000, 0.000, 0.000, 0.000, 0.000, 0.000, 0.000, 0.000, 0.000, 0.000, 0.000, 0.000
11.496, 0.000, 0.000, 0.000, 0.000, 0.000, 0.000, 0.000, 0.000, 0.000, 0.000, 0.000, 0.000, 0.000, 0.000
